        -1
        -1
  3.0000D+01
         1     34845     21572 -9.1200E-02  1.7272E+01
         1     29011     21572 -8.0000E-02  1.7231E+01
         1     29013     21572 -6.7200E-02  1.7231E+01
         1     38505     21572 -5.2800E-02  1.7231E+01
         1     31791     21572  1.5200E-01  1.7247E+01
         1     29012     21572  3.2000E-02  1.7231E+01
         1     31792     21572  1.2160E-01  1.7253E+01
         1     36514     21572  6.6880E-01  1.7247E+01
         1     33564     21572  1.7600E-01  1.7231E+01
         1     33566     21572  1.4080E-01  1.7231E+01
      T-50  1.7243E+01  6.4304E+01 -2.2454E+01  1.6970E+01
         2     31447     21083  7.2000E-01  1.7294E+01
         2     30373     21083 -6.7200E-02  1.7231E+01
         2     34921     21083 -1.0880E-01  1.7267E+01
         2     31132     21083  9.4080E-01  1.7231E+01
         2     30908     21083 -1.2800E-01  1.7264E+01
         2     32440     21083  1.0880E-01  1.7249E+01
         2     32970     21083 -5.4400E-01  1.7282E+01
         2     31302     21083 -1.5680E+00  1.7266E+01
         2     30757     21083  3.1360E-01  1.7231E+01
         2     32794     21083  1.3328E+00  1.7253E+01
      T-51  1.7217E+01  6.3698E+01 -1.6813E+01  1.6222E+01
         3     26002     19717  9.2800E-02  1.7231E+01
         3     34011     19717 -1.2000E-01  1.7210E+01
         3     26657     19717 -3.6800E-02  1.7235E+01
         3     33821     19717 -6.7200E-02  1.7231E+01
         3     29651     19717  6.9600E-01  1.7223E+01
         3     30224     19717  4.8000E-02  1.7228E+01
         3     26373     19717  9.2800E-02  1.7234E+01
         3     29635     19717  1.8560E-01  1.7239E+01
         3     33978     19717  9.6000E-02  1.7238E+01
         3     30124     19717  1.2800E-02  1.7238E+01
      T-52  1.7231E+01  6.3054E+01  2.0416E+01  1.8136E+01
         4     28858     21753  6.7200E-02  1.6989E+01
         4     36080     21753  4.3200E-02  1.6837E+01
         4     33850     21753 -8.0000E-02  1.7464E+01
         4     33855     21753 -9.1200E-02  1.7564E+01
         4     32409     21753 -1.2960E-01  1.6894E+01
         4     34985     21753  8.6400E-01  1.7254E+01
         4     31314     21753 -9.6000E-02  1.7300E+01
         4     31315     21753 -2.8800E-02  1.7408E+01
         4     34986     21753  2.5920E-01  1.7339E+01
         4     33853     21753  1.9200E-01  1.7514E+01
      T-53  1.7283E+01  6.4298E+01  3.0107E+01  1.7428E+01
         5     38499     22222  4.3200E-02  1.7231E+01
         5     29007     22222 -8.0000E-02  1.7231E+01
         5     29298     22222 -6.7200E-02  1.7295E+01
         5     38501     22222  2.0800E-02  1.7231E+01
         5     33557     22222 -1.6000E-02  1.7231E+01
         5     29175     22222  1.6800E-01  1.7265E+01
         5     34105     22222 -6.7200E-02  1.7263E+01
         5     38500     22222 -8.3200E-02  1.7231E+01
         5     33558     22222  2.0800E-01  1.7231E+01
         5     34106     22222  8.7360E-01  1.7265E+01
      T-54  1.7260E+01  6.3986E+01 -2.3429E+01  1.9712E+01
         6     37499     23196  3.9520E-01  1.7349E+01
         6     33588     23196 -1.1520E-01  1.7340E+01
         6     31497     23196 -1.2000E-01  1.7321E+01
         6     39163     23196  4.3680E-01  1.7331E+01
         6     35752     23196 -1.8720E-01  1.7347E+01
         6     32505     23196  2.1600E-01  1.7332E+01
         6     34704     23196 -3.1200E-01  1.7334E+01
         6     38365     23196 -8.1120E-01  1.7341E+01
         6     36314     23196  5.6160E-01  1.7336E+01
         6     35286     23196  9.3600E-01  1.7326E+01
      T-55  1.7325E+01  6.4465E+01 -1.7208E+01  1.9529E+01
         7     17356     11345  3.1680E-01  1.7233E+01
         7     21712     11345 -5.2800E-02  1.7231E+01
         7     15242     11345 -5.2800E-02  1.7231E+01
         7     17406     11345  3.1680E-01  1.7231E+01
         7     19534     11345 -5.2800E-02  1.7238E+01
         7     18451     11345  1.0560E-01  1.7231E+01
         7     16307     11345 -3.8720E-01  1.7237E+01
         7     17381     11345 -6.3360E-01  1.7232E+01
         7     19557     11345  1.7280E-01  1.7231E+01
         7     16334     11345  1.2672E+00  1.7231E+01
      T-56  1.7228E+01  6.0110E+01 -9.4792E+00  1.9160E+01
         8     13999     10344  9.2800E-02  1.7162E+01
         8     20481     10344 -1.0880E-01  1.7171E+01
         8     15557     10344 -6.7200E-02  1.7231E+01
         8     15793     10344 -1.1520E-01  1.7231E+01
         8     16921     10344 -1.0880E-01  1.7167E+01
         8     17555     10344  5.7120E-01  1.7203E+01
         8     14776     10344 -1.3440E-01  1.7199E+01
         8     14883     10344 -1.0240E-01  1.7196E+01
         8     17699     10344  4.3520E-01  1.7200E+01
         8     15673     10344  5.3760E-01  1.7231E+01
      T-57  1.7217E+01  6.0268E+01  1.8928E-01  1.9745E+01
         9     53771     34544  4.8000E-01  1.7156E+01
         9     50877     34544 -1.9200E-02  1.7231E+01
         9     53236     34544 -5.2800E-02  1.7180E+01
         9     50331     34544 -9.1200E-02  1.7102E+01
         9     52388     34544  6.4000E-02  1.7199E+01
         9     52102     34544  4.8000E-03  1.7206E+01
         9     53502     34544  1.9200E-01  1.7168E+01
         9     52072     34544  3.8400E-01  1.7129E+01
         9     50613     34544  9.6000E-03  1.7174E+01
         9     51798     34544  2.8800E-02  1.7144E+01
      T-58  1.7153E+01  6.8789E+01  9.7490E-01  2.0654E+01
        10     17056     10707  1.4880E-01  1.7129E+01
        10     17308     10707 -1.2320E-01  1.7182E+01
        10     13994     10707 -1.2480E-01  1.7231E+01
        10     19269     10707  2.1120E-01  1.7231E+01
        10     17193     10707 -1.0560E-01  1.7148E+01
        10     15693     10707  2.1120E-01  1.7204E+01
        10     15545     10707 -1.1520E-01  1.7181E+01
        10     18396     10707 -3.1680E-01  1.7181E+01
        10     18564     10707  5.8080E-01  1.7204E+01
        10     16378     10707  6.3360E-01  1.7231E+01
      T-59  1.7231E+01  6.0382E+01  1.3406E+01  1.9553E+01
        11     26163     20167  3.5520E-01  1.6484E+01
        11     36990     20167 -9.1200E-02  1.6870E+01
        11     25962     20167 -3.6800E-02  1.6964E+01
        11     33288     20167  5.2480E-01  1.6396E+01
        11     31444     20167 -3.6480E-01  1.6706E+01
        11     31345     20167  6.0800E-02  1.6919E+01
        11     26065     20167 -3.8400E-02  1.6767E+01
        11     29632     20167 -7.8720E-01  1.6434E+01
        11     35317     20167  1.2464E+00  1.6674E+01
        11     29497     20167  1.3120E-01  1.6740E+01
      T-60  1.6629E+01  6.4510E+01  2.4198E+01  2.0498E+01
        12     28942     22260  2.0800E-02  1.5664E+01
        12     39056     22260 -3.6800E-02  1.5548E+01
        12     33862     22260 -1.0080E-01  1.7679E+01
        12     33864     22260 -1.2000E-01  1.6117E+01
        12     34224     22260  8.3200E-02  1.5609E+01
        12     36296     22260  2.2400E-02  1.6307E+01
        12     31362     22260  2.9120E-01  1.6397E+01
        12     31363     22260  6.2400E-01  1.5855E+01
        12     36297     22260  4.8000E-02  1.5774E+01
        12     33863     22260  1.6800E-01  1.6878E+01
      T-61  1.5962E+01  6.3572E+01  3.3192E+01  1.9899E+01
        13     36019     23210  6.7200E-02  1.7170E+01
        13     38641     23210 -1.0080E-01  1.7080E+01
        13     28997     23210 -5.2800E-02  1.6593E+01
        13     38491     23210 -1.9200E-02  1.6593E+01
        13     37110     23210 -3.3600E-02  1.7126E+01
        13     34036     23210  2.4640E-01  1.6845E+01
        13     32447     23210 -1.0560E-01  1.6937E+01
        13     37051     23210 -1.1520E-01  1.6938E+01
        13     38572     23210  2.6880E-01  1.6846E+01
        13     33537     23210  8.4480E-01  1.6593E+01
      T-62  1.6619E+01  6.4138E+01 -2.4310E+01  2.5214E+01
        14     33381     22185  3.9520E-01  1.7360E+01
        14     39726     22185 -1.1520E-01  1.7417E+01
        14     34759     22185 -1.2480E-01  1.7481E+01
        14     27281     22185  5.7120E-01  1.7373E+01
        14     36563     22185 -1.8720E-01  1.7391E+01
        14     37007     22185  1.7280E-01  1.7448E+01
        14     34324     22185 -2.4960E-01  1.7419E+01
        14     30475     22185 -8.7360E-01  1.7367E+01
        14     33165     22185  6.0480E-01  1.7395E+01
        14     30911     22185  8.0640E-01  1.7422E+01
      T-63  1.7405E+01  6.3193E+01 -1.5900E+01  2.4420E+01
        15     38958     22750  6.7200E-02  1.7030E+01
        15     33075     22750 -1.2320E-01  1.7033E+01
        15     34512     22750 -5.2800E-02  1.7100E+01
        15     32128     22750 -1.0880E-01  1.7088E+01
        15     36074     22750  4.9280E-01  1.7029E+01
        15     34042     22750  5.2800E-02  1.7068E+01
        15     36536     22750  1.3440E-01  1.7066E+01
        15     35630     22750  3.5840E-01  1.7059E+01
        15     32551     22750  1.4080E-01  1.7057E+01
        15     33025     22750  3.8400E-02  1.7092E+01
      T-64  1.7043E+01  6.4488E+01 -6.4804E+00  2.4940E+01
        16     13251      6745  4.3680E-01  1.6714E+01
        16     13944      6745  0.0000E+00  1.6837E+01
        16      8520      6745 -5.2800E-02  1.6786E+01
        16      8442      6745 -1.0880E-01  1.6734E+01
        16     13651      6745  0.0000E+00  1.6775E+01
        16     11420      6745  0.0000E+00  1.6811E+01
        16     11078      6745  1.8720E-01  1.6750E+01
        16     11045      6745  4.9920E-01  1.6722E+01
        16     11378      6745  0.0000E+00  1.6786E+01
        16      8470      6745  3.8400E-02  1.6759E+01
      T-65  1.6721E+01  5.8656E+01 -3.2704E-02  2.5940E+01
        17     53976     36075  5.7120E-01  1.6733E+01
        17     52697     36075  0.0000E+00  1.6873E+01
        17     52281     36075 -6.7200E-02  1.6795E+01
        17     58914     36075 -6.7200E-02  1.6762E+01
        17     53314     36075  0.0000E+00  1.6802E+01
        17     52505     36075  0.0000E+00  1.6834E+01
        17     53096     36075  2.6880E-01  1.6758E+01
        17     56283     36075  2.6880E-01  1.6746E+01
        17     55594     36075  0.0000E+00  1.6819E+01
        17     55340     36075  2.5600E-02  1.6778E+01
      T-66  1.6738E+01  6.9102E+01  1.4754E-01  2.6185E+01
        18     35524     22338 -1.1520E-01  1.6588E+01
        18     32427     22338 -1.0880E-01  1.6642E+01
        18     36015     22338 -1.2320E-01  1.6718E+01
        18     32008     22338 -5.2800E-02  1.6721E+01
        18     34210     22338  1.1520E-01  1.6615E+01
        18     34465     22338  1.4080E-01  1.6680E+01
        18     35816     22338  1.5840E-01  1.6654E+01
        18     33705     22338  3.1680E-01  1.6654E+01
        18     32239     22338  2.8160E-01  1.6679E+01
        18     34247     22338  3.8720E-01  1.6718E+01
      T-67  1.6682E+01  6.3974E+01  8.9200E+00  2.4719E+01
        19     27603     21169 -5.2800E-02  1.6555E+01
        19     30081     21169  2.4480E-01  1.6863E+01
        19     31223     21169 -8.0000E-02  1.6333E+01
        19     39672     21169 -1.0880E-01  1.6710E+01
        19     28758     21169  1.6320E-01  1.6735E+01
        19     30677     21169  2.7200E-01  1.6717E+01
        19     29318     21169  2.4000E-02  1.6476E+01
        19     33320     21169  3.8400E-02  1.6635E+01
        19     34901     21169  4.3520E-01  1.6803E+01
        19     35367     21169  6.4000E-02  1.6574E+01
      T-68  1.6815E+01  6.3575E+01  1.7005E+01  2.4552E+01
        20     34099     20905 -1.0880E-01  1.1167E+01
        20     26087     20905  0.0000E+00  9.2994E+00
        20     34878     20905 -1.0080E-01  8.3448E+00
        20     32140     20905 -1.9200E-02  1.4366E+01
        20     29933     20905  0.0000E+00  1.0278E+01
        20     30394     20905  0.0000E+00  8.7065E+00
        20     34501     20905  2.3040E-01  9.6946E+00
        20     32823     20905  3.0720E-01  1.3012E+01
        20     28909     20905  0.0000E+00  1.2388E+01
        20     33219     20905  6.9120E-01  1.1997E+01
      T-69  1.2192E+01  6.3929E+01  2.5597E+01  2.4220E+01
        21     34099     20905 -1.9200E-02  1.1167E+01
        21     26087     20905 -1.9200E-02  9.2994E+00
        21     34878     20905 -3.6800E-02  8.3448E+00
        21     32140     20905  0.0000E+00  1.4366E+01
        21     29933     20905  1.6000E-03  1.0278E+01
        21     30394     20905  3.6800E-02  8.7065E+00
        21     34501     20905  3.6800E-02  9.6946E+00
        21     32823     20905  4.0000E-02  1.3012E+01
        21     28909     20905  4.0000E-02  1.2388E+01
        21     33219     20905  9.2000E-01  1.1997E+01
      T-70  1.2047E+01  6.3909E+01  2.5845E+01  2.4105E+01
        22     35037     22393 -6.7200E-02  1.6923E+01
        22     32165     22393  0.0000E+00  1.4890E+01
        22     30705     22393 -6.7200E-02  1.5262E+01
        22     38669     22393  0.0000E+00  1.5262E+01
        22     33354     22393  0.0000E+00  1.6110E+01
        22     31395     22393  0.0000E+00  1.5076E+01
        22     32612     22393  1.3440E-01  1.6231E+01
        22     36672     22393  8.4000E-01  1.6226E+01
        22     35351     22393  0.0000E+00  1.5076E+01
        22     34751     22393  1.6000E-01  1.5262E+01
      T-71  1.6091E+01  6.4512E+01 -2.3722E+01  3.3789E+01
        23     39788     22668  2.1120E-01  1.7935E+01
        23     31690     22668 -1.2000E-01  1.8041E+01
        23     31594     22668 -1.0080E-01  1.7864E+01
        23     34854     22668  1.2000E-01  1.7950E+01
        23     35845     22668 -1.2800E-01  1.7984E+01
        23     31632     22668  2.8800E-01  1.7979E+01
        23     35817     22668 -2.3040E-01  1.7932E+01
        23     37093     22668 -3.8400E-01  1.7975E+01
        23     33054     22668  4.8000E-01  1.8017E+01
        23     33021     22668  8.6400E-01  1.7915E+01
      T-72  1.7945E+01  6.3717E+01 -1.6514E+01  3.3676E+01
        24     29313     22319 -1.9200E-02  1.7100E+01
        24     38137     22319 -8.0000E-02  1.7097E+01
        24     37998     22319 -1.2480E-01  1.7318E+01
        24     30613     22319 -1.1520E-01  1.7164E+01
        24     33493     22319  3.2000E-02  1.7100E+01
        24     38063     22319  4.1600E-01  1.7216E+01
        24     33426     22319  2.0800E-02  1.7221E+01
        24     30043     22319  2.5600E-02  1.7133E+01
        24     34486     22319  5.1200E-01  1.7137E+01
        24     34428     22319  3.3280E-01  1.7254E+01
      T-73  1.7187E+01  6.4325E+01 -6.9968E+00  3.4552E+01
        25     17504      8500 -5.2800E-02  1.6369E+01
        25     12642      8500 -9.1200E-02  1.6279E+01
        25     10998      8500  0.0000E+00  1.6377E+01
        25     13209      8500  5.2480E-01  1.6261E+01
        25     15116      8500  2.8800E-02  1.6317E+01
        25     11870      8500  0.0000E+00  1.6324E+01
        25     14359      8500  0.0000E+00  1.6371E+01
        25     15422      8500  1.9680E-01  1.6312E+01
        25     12935      8500  3.9360E-01  1.6263E+01
        25     12130      8500  0.0000E+00  1.6316E+01
      T-74  1.6266E+01  5.9019E+01  6.5417E-02  3.5196E+01
        26     36349     21941 -8.0000E-02  1.6417E+01
        26     28959     21941 -3.6800E-02  1.6366E+01
        26     30551     21941 -1.9200E-02  1.6406E+01
        26     37866     21941  4.3200E-02  1.6303E+01
        26     32552     21941  6.4000E-02  1.6392E+01
        26     29669     21941  3.2000E-03  1.6383E+01
        26     33197     21941  3.2000E-02  1.6409E+01
        26     36963     21941  8.6400E-01  1.6358E+01
        26     33172     21941  8.6400E-02  1.6335E+01
        26     34338     21941  4.3200E-02  1.6350E+01
      T-75  1.6351E+01  6.4570E+01  5.0457E-01  3.4663E+01
        27     53524     35332  2.0800E-02  1.6656E+01
        27     50206     35332 -1.2480E-01  1.6602E+01
        27     55358     35332  1.4880E-01  1.6552E+01
        27     53572     35332 -1.0880E-01  1.6383E+01
        27     51907     35332 -1.9200E-02  1.6630E+01
        27     52730     35332  5.9520E-01  1.6579E+01
        27     54490     35332 -4.9600E-02  1.6605E+01
        27     53548     35332 -1.2800E-02  1.6513E+01
        27     51926     35332  1.5360E-01  1.6489E+01
        27     54505     35332  3.9680E-01  1.6461E+01
      T-76  1.6533E+01  6.9000E+01 -2.3516E-01  3.5054E+01
        28     53127     36055 -1.0080E-01  1.6064E+01
        28     53134     36055  0.0000E+00  1.6101E+01
        28     53539     36055 -1.0880E-01  1.6157E+01
        28     57696     36055 -1.9200E-02  1.6083E+01
        28     53129     36055  0.0000E+00  1.6087E+01
        28     53335     36055  0.0000E+00  1.6126E+01
        28     53333     36055  2.3040E-01  1.6112E+01
        28     55252     36055  6.9120E-01  1.6074E+01
        28     55257     36055  0.0000E+00  1.6095E+01
        28     55481     36055  3.0720E-01  1.6120E+01
      T-77  1.6089E+01  6.9510E+01  9.0508E+00  3.4406E+01
        29     54219     35309 -5.2800E-02  1.3007E+01
        29     50078     35309 -3.6800E-02  9.4368E+00
        29     54807     35309 -9.1200E-02  9.3932E+00
        29     53552     35309  2.0800E-02  8.5949E+00
        29     52121     35309  9.6000E-03  1.1481E+01
        29     52431     35309  6.0800E-02  9.4226E+00
        29     54500     35309  9.1200E-02  1.1464E+01
        29     53926     35309  1.2480E-01  1.1189E+01
        29     51856     35309  8.3200E-02  9.0267E+00
        29     54242     35309  7.9040E-01  9.0134E+00
      T-78  9.2884E+00  6.9023E+01  1.8628E+01  3.5266E+01
        30     53552     34833 -1.2000E-01  8.5949E+00
        30     55052     34833  0.0000E+00  9.7725E+00
        30     50078     34833 -1.2000E-01  9.4368E+00
        30     51092     34833  0.0000E+00  2.7949E+00
        30     54390     34833  0.0000E+00  9.2055E+00
        30     52548     34833  0.0000E+00  9.6085E+00
        30     51856     34833  2.4000E-01  9.0267E+00
        30     52351     34833  6.0000E-01  6.0336E+00
        30     53106     34833  0.0000E+00  6.7835E+00
        30     50594     34833  4.0000E-01  6.5739E+00
      T-79  6.2523E+00  6.8180E+01  2.0008E+01  3.4809E+01
        31     37085     21622 -8.0000E-02  1.5978E+01
        31     25120     21622 -8.0000E-02  1.5614E+01
        31     35911     21622 -1.2000E-01  1.5555E+01
        31     34113     21622 -1.2000E-01  1.4742E+01
        31     30956     21622  1.6000E-01  1.6091E+01
        31     30363     21622  8.0000E-02  1.5747E+01
        31     36497     21622  3.2000E-01  1.5795E+01
        31     35667     21622  4.8000E-01  1.5511E+01
        31     29205     21622  1.2000E-01  1.5237E+01
        31     34947     21622  2.4000E-01  1.5159E+01
      T-80  1.5638E+01  6.4183E+01 -1.6074E+01  4.4987E+01
        32     34266     23251 -1.2000E-01  1.6665E+01
        32     43334     23251 -1.9200E-02  1.4185E+01
        32     34002     23251 -1.0880E-01  1.6127E+01
        32     30633     23251 -1.0880E-01  1.6506E+01
        32     39167     23251  2.4000E-02  1.5764E+01
        32     38943     23251  2.7200E-02  1.5443E+01
        32     34139     23251  4.0800E-01  1.6410E+01
        32     32260     23251  4.0800E-01  1.6611E+01
        32     37096     23251  2.7200E-02  1.5800E+01
        32     32157     23251  4.6240E-01  1.6259E+01
      T-81  1.6396E+01  6.3853E+01 -6.6436E+00  4.5370E+01
        33     18489      9388  4.3200E-02  1.6595E+01
        33     14418      9388 -9.1200E-02  1.6155E+01
        33     13893      9388  0.0000E+00  1.6491E+01
        33     13561      9388  7.7280E-01  1.6495E+01
        33     16195      9388 -1.9200E-02  1.6405E+01
        33     14153      9388  0.0000E+00  1.6380E+01
        33     15937      9388  0.0000E+00  1.6552E+01
        33     15763      9388 -1.4720E-01  1.6557E+01
        33     13973      9388  4.4160E-01  1.6366E+01
        33     13733      9388  0.0000E+00  1.6540E+01
      T-82  1.6466E+01  5.9014E+01 -3.4729E-01  4.5239E+01
        34     37002     21834 -9.1200E-02  1.6605E+01
        34     27148     21834  0.0000E+00  1.6635E+01
        34     34271     21834 -9.1200E-02  1.6825E+01
        34     34993     21834  0.0000E+00  1.6734E+01
        34     32076     21834  0.0000E+00  1.6633E+01
        34     30589     21834  0.0000E+00  1.6753E+01
        34     35703     21834  1.8240E-01  1.6729E+01
        34     36030     21834  7.6000E-01  1.6684E+01
        34     30970     21834  0.0000E+00  1.6702E+01
        34     34632     21834  2.4000E-01  1.6792E+01
      T-83  1.6712E+01  6.4366E+01 -4.4740E-01  4.4938E+01
        35     48134     35217  2.1120E-01  1.6558E+01
        35     54596     35217 -5.2800E-02  1.6536E+01
        35     54735     35217 -1.0080E-01  1.6412E+01
        35     53984     35217 -1.0080E-01  1.6070E+01
        35     51725     35217 -2.8160E-01  1.6543E+01
        35     54668     35217  6.3360E-01  1.6521E+01
        35     51813     35217 -2.3040E-01  1.6507E+01
        35     51411     35217 -2.3040E-01  1.6370E+01
        35     54313     35217  6.3360E-01  1.6382E+01
        35     54393     35217  5.1840E-01  1.6288E+01
      T-84  1.6408E+01  6.9538E+01  5.2674E-01  4.5480E+01
        36     28408     21710 -3.6800E-02  1.5847E+01
        36     33104     21710  1.2000E-01  1.5271E+01
        36     37470     21710 -1.2000E-01  1.5861E+01
        36     32564     21710 -1.0880E-01  1.5097E+01
        36     30940     21710  9.6000E-02  1.5614E+01
        36     35588     21710  4.8000E-01  1.5622E+01
        36     32842     21710  3.2000E-02  1.5864E+01
        36     30688     21710  2.5600E-02  1.5523E+01
        36     32857     21710  3.8400E-01  1.5189E+01
        36     35222     21710  1.2800E-01  1.5532E+01
      T-85  1.5427E+01  6.4030E+01  5.0548E+00  4.5561E+01
        37     39039     23940  4.3680E-01  1.0781E+01
        37     39492     23940 -1.9200E-02  8.9138E+00
        37     31177     23940 -6.7200E-02  1.0925E+01
        37     36957     23940  5.7120E-01  1.2398E+01
        37     39314     23940 -2.2400E-02  9.8780E+00
        37     35272     23940  3.3600E-02  1.0063E+01
        37     35142     23940 -4.7040E-01  1.0905E+01
        37     38104     23940 -9.4080E-01  1.1673E+01
        37     38292     23940  6.7200E-02  1.0885E+01
        37     34346     23940  1.4112E+00  1.1752E+01
      T-86  1.2206E+01  6.4072E+01  9.9994E+00  4.5163E+01
        38     31177     20631  9.4080E-01  1.0925E+01
        38     32851     20631 -6.7200E-02  8.9896E+00
        38     33145     20631 -3.6800E-02  8.6656E+00
        38     27430     20631  8.2720E-01  7.0081E+00
        38     32108     20631 -1.5360E-01  9.9989E+00
        38     33011     20631  1.4720E-01  8.8378E+00
        38     32235     20631 -8.8320E-01  9.9118E+00
        38     29195     20631 -1.8048E+00  9.2440E+00
        38     30294     20631  3.0080E-01  8.1137E+00
        38     30459     20631  1.7296E+00  7.9090E+00
      T-87  5.5999E+00  6.3040E+01  1.3301E+01  4.5054E+01
        39     27112     21582 -8.0000E-02  5.1756E+00
        39     36227     21582 -9.1200E-02  8.6301E+00
        39     34120     21582  0.0000E+00  8.4578E+00
        39     34446     21582  4.3680E-01  5.1375E+00
        39     31524     21582  4.8000E-02  7.3021E+00
        39     35149     21582  0.0000E+00  8.5482E+00
        39     30511     21582  0.0000E+00  7.1079E+00
        39     30665     21582  3.1200E-01  5.2960E+00
        39     35273     21582  3.7440E-01  7.1002E+00
        39     34285     21582  0.0000E+00  7.0375E+00
      T-88  5.7041E+00  6.4005E+01 -1.6395E+01  5.5320E+01
        40     24881     14861 -1.0880E-01  1.0677E+01
        40     18310     14861 -5.2800E-02  5.5084E+00
        40     23537     14861  0.0000E+00  9.4514E+00
        40     25793     14861 -8.0000E-02  1.0544E+01
        40     21378     14861  2.8160E-01  8.6033E+00
        40     20790     14861  0.0000E+00  7.8299E+00
        40     24274     14861  0.0000E+00  1.0115E+01
        40     25357     14861  2.5600E-01  1.0747E+01
        40     21790     14861  7.0400E-01  8.6988E+00
        40     24676     14861  0.0000E+00  1.0041E+01
      T-89  9.0020E+00  6.1541E+01 -8.5129E+00  5.4922E+01
        41     33157     20966 -1.0880E-01  1.2361E+01
        41     34999     20966 -1.2480E-01  1.2085E+01
        41     25793     20966  0.0000E+00  1.0544E+01
        41     32942     20966 -8.0000E-02  1.1619E+01
        41     34370     20966  3.5360E-01  1.2290E+01
        41     30299     20966  0.0000E+00  1.1732E+01
        41     29356     20966  0.0000E+00  1.1826E+01
        41     33051     20966  5.4400E-01  1.1972E+01
        41     34256     20966  4.1600E-01  1.1838E+01
        41     29234     20966  0.0000E+00  1.1368E+01
      T-90  1.2000E+01  6.3990E+01 -8.4410E+00  5.5386E+01
        42     42087     29615  3.5520E-01  1.1086E+01
        42     43275     29615  0.0000E+00  9.8606E+00
        42     49274     29615  0.0000E+00  5.7042E+00
        42     43792     29615 -1.2480E-01  1.0203E+01
        42     42729     29615  0.0000E+00  1.0528E+01
        42     46493     29615  0.0000E+00  8.2331E+00
        42     45830     29615  0.0000E+00  8.9627E+00
        42     42938     29615  7.6960E-01  1.0694E+01
        42     43505     29615  0.0000E+00  9.9987E+00
        42     46706     29615  0.0000E+00  8.3336E+00
      T-91  1.0894E+01  6.5757E+01 -8.3574E+00  5.3971E+01
        43     34564     23952  0.0000E+00  8.8107E+00
        43     32320     23952 -5.2800E-02  4.8359E+00
        43     41276     23952  0.0000E+00  4.6078E+00
        43     38349     23952 -5.2800E-02  9.9399E+00
        43     33149     23952  1.2000E-01  6.6967E+00
        43     36875     23952  0.0000E+00  5.5162E+00
        43     38080     23952  0.0000E+00  7.6184E+00
        43     36272     23952  8.8000E-01  9.3349E+00
        43     35320     23952  1.0560E-01  7.3778E+00
        43     39931     23952  0.0000E+00  7.8331E+00
      T-92  9.0173E+00  6.4428E+01 -6.9544E-01  5.4437E+01
        44     41354     23565  4.3680E-01  2.2453E+00
        44     35177     23565 -6.7200E-02  7.0592E+00
        44     33218     23565 -1.2320E-01  5.0418E+00
        44     34282     23565  7.7280E-01  6.4905E+00
        44     38455     23565 -8.9600E-02  5.6056E+00
        44     34479     23565  8.9600E-02  6.0963E+00
        44     37433     23565 -3.1360E-01  4.1527E+00
        44     37923     23565 -1.0304E+00  5.3425E+00
        44     34746     23565  2.9440E-01  6.7256E+00
        44     33986     23565  1.0304E+00  5.7435E+00
      T-93  6.0360E+00  6.3644E+01  6.0977E+00  5.5475E+01
        45     30620     15202  2.8000E-01  7.0256E+00
        45     17998     15202 -9.1200E-02  1.2505E+00
        45     23792     15202 -1.0880E-01  4.8553E+00
        45     22761     15202  3.5520E-01  4.6866E+00
        45     23631     15202 -9.6000E-02  5.0143E+00
        45     20907     15202  1.6320E-01  3.3577E+00
        45     27046     15202 -2.7200E-01  6.0339E+00
        45     26443     15202 -5.9200E-01  6.2080E+00
        45     20318     15202  3.5520E-01  3.2192E+00
        45     23271     15202  1.0064E+00  4.8011E+00
      T-94  3.7151E+00  6.1311E+01  7.1366E+00  5.5319E+01
        46     44232     28718  2.0800E-02  5.4919E+00
        46     43333     28718 -1.2320E-01  5.0500E+00
        46     35177     28718  0.0000E+00  7.0592E+00
        46     49697     28718  3.5520E-01  1.2734E+00
        46     43834     28718 -2.2400E-02  5.1820E+00
        46     39631     28718  0.0000E+00  6.2784E+00
        46     40007     28718  0.0000E+00  6.7430E+00
        46     46962     28718 -5.9200E-02  3.6149E+00
        46     46534     28718  8.2880E-01  3.4849E+00
        46     43052     28718  0.0000E+00  5.2977E+00
      T-95  2.5026E+00  6.7093E+01  6.2037E+00  5.4930E+01
        47     29375     21645  4.3680E-01  4.0023E+00
        47     33780     21645 -8.0000E-02  1.2241E+00
        47     34948     21645 -9.1200E-02  5.5077E+00
        47     33783     21645  4.8000E-01  1.2439E+00
        47     31511     21645 -1.1200E-01  2.7738E+00
        47     34489     21645  1.5200E-01  3.8957E+00
        47     32135     21645 -4.2560E-01  4.9375E+00
        47     31512     21645 -8.9600E-01  2.8381E+00
        47     33781     21645  3.2000E-01  1.2007E+00
        47     34490     21645  1.2160E+00  3.9765E+00
      T-96  2.6018E+00  6.4312E+01  1.0939E+01  5.5024E+01
        48     35972     21326 -1.0080E-01  5.5508E+00
        48     27622     21326  0.0000E+00  3.0125E+00
        48     32158     21326  6.1920E-01  6.1371E+00
        48     33577     21326  0.0000E+00  3.0925E+00
        48     31641     21326  0.0000E+00  4.9187E+00
        48     29981     21326  0.0000E+00  4.8635E+00
        48     34274     21326  4.8160E-01  5.9320E+00
        48     34930     21326  0.0000E+00  4.7470E+00
        48     30721     21326  0.0000E+00  3.1653E+00
        48     32769     21326  0.0000E+00  4.8771E+00
      T-97  6.0974E+00  6.3802E+01 -1.8637E+01  6.5571E+01
        49     34885     20756 -1.2320E-01  9.3363E+00
        49     24377     20756 -1.0080E-01  7.6246E+00
        49     33373     20756 -3.6800E-02  1.0183E+01
        49     33283     20756 -1.1520E-01  9.6428E+00
        49     29226     20756  1.2320E-01  9.0483E+00
        49     28685     20756  2.5760E-01  9.3917E+00
        49     34395     20756  4.0480E-01  9.8176E+00
        49     34365     20756  1.5840E-01  9.5559E+00
        49     28659     20756  1.0080E-01  9.0818E+00
        49     33329     20756  3.3120E-01  9.9752E+00
      T-98  9.8367E+00  6.3758E+01 -8.8147E+00  6.4371E+01
        50     35757     21395  6.7200E-02  5.8581E+00
        50     26181     21395 -1.1520E-01  2.2396E+00
        50     34108     21395  4.8000E-01  3.5307E+00
        50     34649     21395 -6.7200E-02  5.7354E+00
        50     30842     21395 -4.3200E-02  4.8663E+00
        50     29989     21395  5.7600E-01  3.3923E+00
        50     34882     21395 -1.9200E-01  4.7388E+00
        50     35161     21395 -1.9200E-02  5.8650E+00
        50     30319     21395  5.7600E-02  4.6962E+00
        50     34398     21395  2.5600E-01  4.4822E+00
      T-99  3.5842E+00  6.3740E+01  6.8398E-01  6.4981E+01
        51     34835     23286 -5.2800E-02  5.0636E+00
        51     41362     23286 -9.1200E-02  1.8968E+00
        51     33118     23286  1.2000E-01  3.4356E+00
        51     32741     23286 -1.2320E-01  5.2236E+00
        51     38246     23286  2.8800E-02  4.1877E+00
        51     37380     23286  2.8800E-01  3.1817E+00
        51     34263     23286  1.4400E-01  4.4161E+00
        51     34056     23286  5.2800E-02  5.2080E+00
        51     37099     23286  1.0560E-01  4.4179E+00
        51     32938     23286  5.2800E-01  4.3324E+00
     T-100  4.0302E+00  6.4112E+01  4.2558E+00  6.4788E+01
        52     33767     22171  3.1680E-01  9.8324E-01
        52     32060     22171 -1.0080E-01  3.5434E+00
        52     33769     22171 -1.2000E-01  1.0634E+00
        52     35574     22171  4.3680E-01  3.5466E+00
        52     32710     22171 -1.2320E-01  2.5285E+00
        52     32713     22171  1.6800E-01  2.6137E+00
        52     33768     22171 -2.6400E-01  1.0066E+00
        52     34738     22171 -6.8640E-01  2.5096E+00
        52     33756     22171  4.3680E-01  3.4281E+00
        52     34741     22171  9.3600E-01  2.5985E+00
     T-101  3.4447E+00  6.4208E+01  8.6531E+00  6.4922E+01
        53     38704     24412 -1.9200E-02  1.6846E+01
        53     35398     24412 -1.2000E-01  1.6853E+01
        53     37688     24412 -5.2800E-02  1.6944E+01
        53     37678     24412 -1.0880E-01  1.6945E+01
        53     36915     24412  1.6000E-02  1.6850E+01
        53     36501     24412  3.5200E-01  1.6891E+01
        53     38221     24412  3.5200E-02  1.6888E+01
        53     38220     24412  2.7200E-02  1.6892E+01
        53     36500     24412  2.7200E-01  1.6889E+01
        53     37683     24412  5.9840E-01  1.6945E+01
 CTL-10-21  1.6919E+01  6.4669E+01  7.0431E+00  2.2155E+01
        54     29595     19051  6.7200E-02  1.5880E+01
        54     28683     19051 -1.2320E-01  1.5959E+01
        54     27292     19051 -9.1200E-02  1.5924E+01
        54     30513     19051 -3.6800E-02  1.5912E+01
        54     29135     19051 -5.2800E-02  1.5922E+01
        54     27902     19051  3.3440E-01  1.5941E+01
        54     28343     19051 -9.1200E-02  1.5903E+01
        54     30113     19051 -1.1040E-01  1.5897E+01
        54     29481     19051  4.0480E-01  1.5936E+01
        54     28774     19051  6.9920E-01  1.5920E+01
 CTL-10-38  1.5930E+01  6.3065E+01  6.0368E+00  3.9639E+01
        55     28125     17548  1.4880E-01  7.8308E+00
        55     28368     17548 -9.1200E-02  8.5264E+00
        55     27529     17548  8.8320E-01  8.9012E+00
        55     23837     17548 -3.6800E-02  7.2736E+00
        55     28244     17548 -5.7600E-02  8.1772E+00
        55     27919     17548  4.6080E-01  8.7141E+00
        55     27834     17548 -4.6080E-01  8.2838E+00
        55     26042     17548 -1.9200E-02  7.6624E+00
        55     26136     17548  1.9200E-02  8.0695E+00
        55     25713     17548  1.5360E-01  8.2281E+00
 CTL-10-50  8.9804E+00  6.2774E+01  6.1122E+00  5.1642E+01
        56     24333     18744  2.4480E-01  7.7011E-01
        56     31942     18744 -5.2800E-02  3.6246E+00
        56     31944     18744  1.2000E-01  8.7260E-01
        56     26526     18744 -1.0080E-01  3.2697E+00
        56     27875     18744 -3.1680E-01  2.4275E+00
        56     31943     18744  1.0560E+00  2.5741E+00
        56     27876     18744 -4.3200E-01  8.2489E-01
        56     25396     18744 -1.0080E-01  2.2112E+00
        56     29052     18744  2.4640E-01  3.5567E+00
        56     29053     18744  3.3600E-01  2.5018E+00
 CTL-10-70  2.8592E+00  6.3805E+01  7.1844E+00  6.9255E+01
        -1
