C /1/ HEADING CARD (80A1)
C NASLOV
  Untitled
C /2/ FORMAT FOR INPUT DATA (free format)
C INDFOR
    2
C /3/ BASIC DATA FOR THE PROBLEM (4I5,5X.I5)
C NP,NGELEM,NMATM,NPER,NKRT,NCRACK,NCXFEM,IGBM
  289    1    1    1          
C /4/ BASIC DATA FOR THE PROBLEM (6I2,3X,3I5)
C (IOPGL(I),I=1,6),NDIN,ISOPS,ICVEL
 0 0 1 1 1 1       0    0    1
C /5/ DATA FOR POST-PROCESSING (10I5)
C NULAZ,NBLPR,NBLGR,ISTKO,NCVPR,ISTEM,ISTVN,ISTSI,ISTDE,ISTNA
    0    1    1    0    0    0    0    0    0    0    0
C /6/ GROUP OF CARDS WITH DATA FOR BLOCKS (5I5)
C NBL,(NPRGR(NBL,I),I=1,4)
    1    1    1 9000    0
    1    1    1 9000    0
C /7/ DATA FOR RESTART (I5,10X,2I5,2F10.0)
C IREST,       NMODS,ICCGG,    TOLG,    ALFAG
    0              0    0  0.000000  0.000000
C /8/ GROUP OF CARDS WITH DATA FOR TIME STEPS (2I5,F10.0)
C   I,NKDT(I),DTDT(I)    (I=1,NPER)
    1    1  1.000000
C /9/ DATA FOR EQULIBRIUM ITERATIONS (5I5,4F10.0,I5)
C METOD,MAXIT,KONVE,KONVS,KONVM,TOLE,    TOLS,     TOLM,     TOLA,NBRCR
    4   30    1    0    0  0.001000  0.000000  0.000000  0.000000    2
C /10/ GROUP OF CARDS FOR NODAL POINT DATA (I5,A1,6I2,2X,3F10.0,2I5) (K=1,NP)
C  N,CH,(ID(N,I),I=1,6),   (CORD(N,J),J=1,3),      KORC,LJ(N)
    1  1 1 1 1 1 1     0.00000   0.00000   0.00000    0    0
    2  1 1 1 1 1 1     0.00000   2.75000   0.00000    0    0
    3  1 1 1 1 1 1     0.00000   5.50000   0.00000    0    0
    4  1 1 1 1 1 1     0.00000   8.25000   0.00000    0    0
    5  1 1 1 1 1 1     0.00000  11.00000   0.00000    0    0
    6  1 1 1 1 1 1     0.00000  13.75000   0.00000    0    0
    7  1 1 1 1 1 1     0.00000  16.50000   0.00000    0    0
    8  1 1 1 1 1 1     0.00000  19.25000   0.00000    0    0
    9  1 1 1 1 1 1     0.00000  22.00000   0.00000    0    0
   10  1 1 1 1 1 1     0.00000  24.75000   0.00000    0    0
   11  1 1 1 1 1 1     0.00000  27.50000   0.00000    0    0
   12  1 1 1 1 1 1     0.00000  30.25000   0.00000    0    0
   13  1 1 1 1 1 1     0.00000  33.00000   0.00000    0    0
   14  1 1 1 1 1 1     0.00000  35.75000   0.00000    0    0
   15  1 1 1 1 1 1     0.00000  38.50000   0.00000    0    0
   16  1 1 1 1 1 1     0.00000  41.25000   0.00000    0    0
   17  1 1 1 1 1 1     0.00000  44.00000   0.00000    0    0
   18  0 0 0 0 0 0     3.00000   2.75000   0.00000    0    0
   19  0 0 0 0 0 0     3.00000   5.39063   0.00000    0    0
   20  0 0 0 0 0 0     3.00000   8.03125   0.00000    0    0
   21  0 0 0 0 0 0     3.00000  10.67188   0.00000    0    0
   22  0 0 0 0 0 0     3.00000  13.31250   0.00000    0    0
   23  0 0 0 0 0 0     3.00000  15.95313   0.00000    0    0
   24  0 0 0 0 0 0     3.00000  18.59375   0.00000    0    0
   25  0 0 0 0 0 0     3.00000  21.23438   0.00000    0    0
   26  0 0 0 0 0 0     3.00000  23.87500   0.00000    0    0
   27  0 0 0 0 0 0     3.00000  26.51563   0.00000    0    0
   28  0 0 0 0 0 0     3.00000  29.15625   0.00000    0    0
   29  0 0 0 0 0 0     3.00000  31.79688   0.00000    0    0
   30  0 0 0 0 0 0     3.00000  34.43750   0.00000    0    0
   31  0 0 0 0 0 0     3.00000  37.07813   0.00000    0    0
   32  0 0 0 0 0 0     3.00000  39.71875   0.00000    0    0
   33  0 0 0 0 0 0     3.00000  42.35938   0.00000    0    0
   34  0 0 0 0 0 0     3.00000  45.00000   0.00000    0    0
   35  0 0 0 0 0 0     6.00000   5.50000   0.00000    0    0
   36  0 0 0 0 0 0     6.00000   8.03125   0.00000    0    0
   37  0 0 0 0 0 0     6.00000  10.56250   0.00000    0    0
   38  0 0 0 0 0 0     6.00000  13.09375   0.00000    0    0
   39  0 0 0 0 0 0     6.00000  15.62500   0.00000    0    0
   40  0 0 0 0 0 0     6.00000  18.15625   0.00000    0    0
   41  0 0 0 0 0 0     6.00000  20.68750   0.00000    0    0
   42  0 0 0 0 0 0     6.00000  23.21875   0.00000    0    0
   43  0 0 0 0 0 0     6.00000  25.75000   0.00000    0    0
   44  0 0 0 0 0 0     6.00000  28.28125   0.00000    0    0
   45  0 0 0 0 0 0     6.00000  30.81250   0.00000    0    0
   46  0 0 0 0 0 0     6.00000  33.34375   0.00000    0    0
   47  0 0 0 0 0 0     6.00000  35.87500   0.00000    0    0
   48  0 0 0 0 0 0     6.00000  38.40625   0.00000    0    0
   49  0 0 0 0 0 0     6.00000  40.93750   0.00000    0    0
   50  0 0 0 0 0 0     6.00000  43.46875   0.00000    0    0
   51  0 0 0 0 0 0     6.00000  46.00000   0.00000    0    0
   52  0 0 0 0 0 0     9.00000   8.25000   0.00000    0    0
   53  0 0 0 0 0 0     9.00000  10.67188   0.00000    0    0
   54  0 0 0 0 0 0     9.00000  13.09375   0.00000    0    0
   55  0 0 0 0 0 0     9.00000  15.51563   0.00000    0    0
   56  0 0 0 0 0 0     9.00000  17.93750   0.00000    0    0
   57  0 0 0 0 0 0     9.00000  20.35938   0.00000    0    0
   58  0 0 0 0 0 0     9.00000  22.78125   0.00000    0    0
   59  0 0 0 0 0 0     9.00000  25.20313   0.00000    0    0
   60  0 0 0 0 0 0     9.00000  27.62500   0.00000    0    0
   61  0 0 0 0 0 0     9.00000  30.04688   0.00000    0    0
   62  0 0 0 0 0 0     9.00000  32.46875   0.00000    0    0
   63  0 0 0 0 0 0     9.00000  34.89063   0.00000    0    0
   64  0 0 0 0 0 0     9.00000  37.31250   0.00000    0    0
   65  0 0 0 0 0 0     9.00000  39.73438   0.00000    0    0
   66  0 0 0 0 0 0     9.00000  42.15625   0.00000    0    0
   67  0 0 0 0 0 0     9.00000  44.57813   0.00000    0    0
   68  0 0 0 0 0 0     9.00000  47.00000   0.00000    0    0
   69  0 0 0 0 0 0    12.00000  11.00000   0.00000    0    0
   70  0 0 0 0 0 0    12.00000  13.31250   0.00000    0    0
   71  0 0 0 0 0 0    12.00000  15.62500   0.00000    0    0
   72  0 0 0 0 0 0    12.00000  17.93750   0.00000    0    0
   73  0 0 0 0 0 0    12.00000  20.25000   0.00000    0    0
   74  0 0 0 0 0 0    12.00000  22.56250   0.00000    0    0
   75  0 0 0 0 0 0    12.00000  24.87500   0.00000    0    0
   76  0 0 0 0 0 0    12.00000  27.18750   0.00000    0    0
   77  0 0 0 0 0 0    12.00000  29.50000   0.00000    0    0
   78  0 0 0 0 0 0    12.00000  31.81250   0.00000    0    0
   79  0 0 0 0 0 0    12.00000  34.12500   0.00000    0    0
   80  0 0 0 0 0 0    12.00000  36.43750   0.00000    0    0
   81  0 0 0 0 0 0    12.00000  38.75000   0.00000    0    0
   82  0 0 0 0 0 0    12.00000  41.06250   0.00000    0    0
   83  0 0 0 0 0 0    12.00000  43.37500   0.00000    0    0
   84  0 0 0 0 0 0    12.00000  45.68750   0.00000    0    0
   85  0 0 0 0 0 0    12.00000  48.00000   0.00000    0    0
   86  0 0 0 0 0 0    15.00000  13.75000   0.00000    0    0
   87  0 0 0 0 0 0    15.00000  15.95313   0.00000    0    0
   88  0 0 0 0 0 0    15.00000  18.15625   0.00000    0    0
   89  0 0 0 0 0 0    15.00000  20.35938   0.00000    0    0
   90  0 0 0 0 0 0    15.00000  22.56250   0.00000    0    0
   91  0 0 0 0 0 0    15.00000  24.76563   0.00000    0    0
   92  0 0 0 0 0 0    15.00000  26.96875   0.00000    0    0
   93  0 0 0 0 0 0    15.00000  29.17188   0.00000    0    0
   94  0 0 0 0 0 0    15.00000  31.37500   0.00000    0    0
   95  0 0 0 0 0 0    15.00000  33.57813   0.00000    0    0
   96  0 0 0 0 0 0    15.00000  35.78125   0.00000    0    0
   97  0 0 0 0 0 0    15.00000  37.98438   0.00000    0    0
   98  0 0 0 0 0 0    15.00000  40.18750   0.00000    0    0
   99  0 0 0 0 0 0    15.00000  42.39063   0.00000    0    0
  100  0 0 0 0 0 0    15.00000  44.59375   0.00000    0    0
  101  0 0 0 0 0 0    15.00000  46.79688   0.00000    0    0
  102  0 0 0 0 0 0    15.00000  49.00000   0.00000    0    0
  103  0 0 0 0 0 0    18.00000  16.50000   0.00000    0    0
  104  0 0 0 0 0 0    18.00000  18.59375   0.00000    0    0
  105  0 0 0 0 0 0    18.00000  20.68750   0.00000    0    0
  106  0 0 0 0 0 0    18.00000  22.78125   0.00000    0    0
  107  0 0 0 0 0 0    18.00000  24.87500   0.00000    0    0
  108  0 0 0 0 0 0    18.00000  26.96875   0.00000    0    0
  109  0 0 0 0 0 0    18.00000  29.06250   0.00000    0    0
  110  0 0 0 0 0 0    18.00000  31.15625   0.00000    0    0
  111  0 0 0 0 0 0    18.00000  33.25000   0.00000    0    0
  112  0 0 0 0 0 0    18.00000  35.34375   0.00000    0    0
  113  0 0 0 0 0 0    18.00000  37.43750   0.00000    0    0
  114  0 0 0 0 0 0    18.00000  39.53125   0.00000    0    0
  115  0 0 0 0 0 0    18.00000  41.62500   0.00000    0    0
  116  0 0 0 0 0 0    18.00000  43.71875   0.00000    0    0
  117  0 0 0 0 0 0    18.00000  45.81250   0.00000    0    0
  118  0 0 0 0 0 0    18.00000  47.90625   0.00000    0    0
  119  0 0 0 0 0 0    18.00000  50.00000   0.00000    0    0
  120  0 0 0 0 0 0    21.00000  19.25000   0.00000    0    0
  121  0 0 0 0 0 0    21.00000  21.23438   0.00000    0    0
  122  0 0 0 0 0 0    21.00000  23.21875   0.00000    0    0
  123  0 0 0 0 0 0    21.00000  25.20313   0.00000    0    0
  124  0 0 0 0 0 0    21.00000  27.18750   0.00000    0    0
  125  0 0 0 0 0 0    21.00000  29.17188   0.00000    0    0
  126  0 0 0 0 0 0    21.00000  31.15625   0.00000    0    0
  127  0 0 0 0 0 0    21.00000  33.14063   0.00000    0    0
  128  0 0 0 0 0 0    21.00000  35.12500   0.00000    0    0
  129  0 0 0 0 0 0    21.00000  37.10938   0.00000    0    0
  130  0 0 0 0 0 0    21.00000  39.09375   0.00000    0    0
  131  0 0 0 0 0 0    21.00000  41.07813   0.00000    0    0
  132  0 0 0 0 0 0    21.00000  43.06250   0.00000    0    0
  133  0 0 0 0 0 0    21.00000  45.04688   0.00000    0    0
  134  0 0 0 0 0 0    21.00000  47.03125   0.00000    0    0
  135  0 0 0 0 0 0    21.00000  49.01563   0.00000    0    0
  136  0 0 0 0 0 0    21.00000  51.00000   0.00000    0    0
  137  0 0 0 0 0 0    24.00000  22.00000   0.00000    0    0
  138  0 0 0 0 0 0    24.00000  23.87500   0.00000    0    0
  139  0 0 0 0 0 0    24.00000  25.75000   0.00000    0    0
  140  0 0 0 0 0 0    24.00000  27.62500   0.00000    0    0
  141  0 0 0 0 0 0    24.00000  29.50000   0.00000    0    0
  142  0 0 0 0 0 0    24.00000  31.37500   0.00000    0    0
  143  0 0 0 0 0 0    24.00000  33.25000   0.00000    0    0
  144  0 0 0 0 0 0    24.00000  35.12500   0.00000    0    0
  145  0 0 0 0 0 0    24.00000  37.00000   0.00000    0    0
  146  0 0 0 0 0 0    24.00000  38.87500   0.00000    0    0
  147  0 0 0 0 0 0    24.00000  40.75000   0.00000    0    0
  148  0 0 0 0 0 0    24.00000  42.62500   0.00000    0    0
  149  0 0 0 0 0 0    24.00000  44.50000   0.00000    0    0
  150  0 0 0 0 0 0    24.00000  46.37500   0.00000    0    0
  151  0 0 0 0 0 0    24.00000  48.25000   0.00000    0    0
  152  0 0 0 0 0 0    24.00000  50.12500   0.00000    0    0
  153  0 0 0 0 0 0    24.00000  52.00000   0.00000    0    0
  154  0 0 0 0 0 0    27.00000  24.75000   0.00000    0    0
  155  0 0 0 0 0 0    27.00000  26.51563   0.00000    0    0
  156  0 0 0 0 0 0    27.00000  28.28125   0.00000    0    0
  157  0 0 0 0 0 0    27.00000  30.04688   0.00000    0    0
  158  0 0 0 0 0 0    27.00000  31.81250   0.00000    0    0
  159  0 0 0 0 0 0    27.00000  33.57813   0.00000    0    0
  160  0 0 0 0 0 0    27.00000  35.34375   0.00000    0    0
  161  0 0 0 0 0 0    27.00000  37.10938   0.00000    0    0
  162  0 0 0 0 0 0    27.00000  38.87500   0.00000    0    0
  163  0 0 0 0 0 0    27.00000  40.64063   0.00000    0    0
  164  0 0 0 0 0 0    27.00000  42.40625   0.00000    0    0
  165  0 0 0 0 0 0    27.00000  44.17188   0.00000    0    0
  166  0 0 0 0 0 0    27.00000  45.93750   0.00000    0    0
  167  0 0 0 0 0 0    27.00000  47.70313   0.00000    0    0
  168  0 0 0 0 0 0    27.00000  49.46875   0.00000    0    0
  169  0 0 0 0 0 0    27.00000  51.23438   0.00000    0    0
  170  0 0 0 0 0 0    27.00000  53.00000   0.00000    0    0
  171  0 0 0 0 0 0    30.00000  27.50000   0.00000    0    0
  172  0 0 0 0 0 0    30.00000  29.15625   0.00000    0    0
  173  0 0 0 0 0 0    30.00000  30.81250   0.00000    0    0
  174  0 0 0 0 0 0    30.00000  32.46875   0.00000    0    0
  175  0 0 0 0 0 0    30.00000  34.12500   0.00000    0    0
  176  0 0 0 0 0 0    30.00000  35.78125   0.00000    0    0
  177  0 0 0 0 0 0    30.00000  37.43750   0.00000    0    0
  178  0 0 0 0 0 0    30.00000  39.09375   0.00000    0    0
  179  0 0 0 0 0 0    30.00000  40.75000   0.00000    0    0
  180  0 0 0 0 0 0    30.00000  42.40625   0.00000    0    0
  181  0 0 0 0 0 0    30.00000  44.06250   0.00000    0    0
  182  0 0 0 0 0 0    30.00000  45.71875   0.00000    0    0
  183  0 0 0 0 0 0    30.00000  47.37500   0.00000    0    0
  184  0 0 0 0 0 0    30.00000  49.03125   0.00000    0    0
  185  0 0 0 0 0 0    30.00000  50.68750   0.00000    0    0
  186  0 0 0 0 0 0    30.00000  52.34375   0.00000    0    0
  187  0 0 0 0 0 0    30.00000  54.00000   0.00000    0    0
  188  0 0 0 0 0 0    33.00000  30.25000   0.00000    0    0
  189  0 0 0 0 0 0    33.00000  31.79688   0.00000    0    0
  190  0 0 0 0 0 0    33.00000  33.34375   0.00000    0    0
  191  0 0 0 0 0 0    33.00000  34.89063   0.00000    0    0
  192  0 0 0 0 0 0    33.00000  36.43750   0.00000    0    0
  193  0 0 0 0 0 0    33.00000  37.98438   0.00000    0    0
  194  0 0 0 0 0 0    33.00000  39.53125   0.00000    0    0
  195  0 0 0 0 0 0    33.00000  41.07813   0.00000    0    0
  196  0 0 0 0 0 0    33.00000  42.62500   0.00000    0    0
  197  0 0 0 0 0 0    33.00000  44.17188   0.00000    0    0
  198  0 0 0 0 0 0    33.00000  45.71875   0.00000    0    0
  199  0 0 0 0 0 0    33.00000  47.26563   0.00000    0    0
  200  0 0 0 0 0 0    33.00000  48.81250   0.00000    0    0
  201  0 0 0 0 0 0    33.00000  50.35938   0.00000    0    0
  202  0 0 0 0 0 0    33.00000  51.90625   0.00000    0    0
  203  0 0 0 0 0 0    33.00000  53.45313   0.00000    0    0
  204  0 0 0 0 0 0    33.00000  55.00000   0.00000    0    0
  205  0 0 0 0 0 0    36.00000  33.00000   0.00000    0    0
  206  0 0 0 0 0 0    36.00000  34.43750   0.00000    0    0
  207  0 0 0 0 0 0    36.00000  35.87500   0.00000    0    0
  208  0 0 0 0 0 0    36.00000  37.31250   0.00000    0    0
  209  0 0 0 0 0 0    36.00000  38.75000   0.00000    0    0
  210  0 0 0 0 0 0    36.00000  40.18750   0.00000    0    0
  211  0 0 0 0 0 0    36.00000  41.62500   0.00000    0    0
  212  0 0 0 0 0 0    36.00000  43.06250   0.00000    0    0
  213  0 0 0 0 0 0    36.00000  44.50000   0.00000    0    0
  214  0 0 0 0 0 0    36.00000  45.93750   0.00000    0    0
  215  0 0 0 0 0 0    36.00000  47.37500   0.00000    0    0
  216  0 0 0 0 0 0    36.00000  48.81250   0.00000    0    0
  217  0 0 0 0 0 0    36.00000  50.25000   0.00000    0    0
  218  0 0 0 0 0 0    36.00000  51.68750   0.00000    0    0
  219  0 0 0 0 0 0    36.00000  53.12500   0.00000    0    0
  220  0 0 0 0 0 0    36.00000  54.56250   0.00000    0    0
  221  0 0 0 0 0 0    36.00000  56.00000   0.00000    0    0
  222  0 0 0 0 0 0    39.00000  35.75000   0.00000    0    0
  223  0 0 0 0 0 0    39.00000  37.07813   0.00000    0    0
  224  0 0 0 0 0 0    39.00000  38.40625   0.00000    0    0
  225  0 0 0 0 0 0    39.00000  39.73438   0.00000    0    0
  226  0 0 0 0 0 0    39.00000  41.06250   0.00000    0    0
  227  0 0 0 0 0 0    39.00000  42.39063   0.00000    0    0
  228  0 0 0 0 0 0    39.00000  43.71875   0.00000    0    0
  229  0 0 0 0 0 0    39.00000  45.04688   0.00000    0    0
  230  0 0 0 0 0 0    39.00000  46.37500   0.00000    0    0
  231  0 0 0 0 0 0    39.00000  47.70313   0.00000    0    0
  232  0 0 0 0 0 0    39.00000  49.03125   0.00000    0    0
  233  0 0 0 0 0 0    39.00000  50.35938   0.00000    0    0
  234  0 0 0 0 0 0    39.00000  51.68750   0.00000    0    0
  235  0 0 0 0 0 0    39.00000  53.01563   0.00000    0    0
  236  0 0 0 0 0 0    39.00000  54.34375   0.00000    0    0
  237  0 0 0 0 0 0    39.00000  55.67188   0.00000    0    0
  238  0 0 0 0 0 0    39.00000  57.00000   0.00000    0    0
  239  0 0 0 0 0 0    42.00000  38.50000   0.00000    0    0
  240  0 0 0 0 0 0    42.00000  39.71875   0.00000    0    0
  241  0 0 0 0 0 0    42.00000  40.93750   0.00000    0    0
  242  0 0 0 0 0 0    42.00000  42.15625   0.00000    0    0
  243  0 0 0 0 0 0    42.00000  43.37500   0.00000    0    0
  244  0 0 0 0 0 0    42.00000  44.59375   0.00000    0    0
  245  0 0 0 0 0 0    42.00000  45.81250   0.00000    0    0
  246  0 0 0 0 0 0    42.00000  47.03125   0.00000    0    0
  247  0 0 0 0 0 0    42.00000  48.25000   0.00000    0    0
  248  0 0 0 0 0 0    42.00000  49.46875   0.00000    0    0
  249  0 0 0 0 0 0    42.00000  50.68750   0.00000    0    0
  250  0 0 0 0 0 0    42.00000  51.90625   0.00000    0    0
  251  0 0 0 0 0 0    42.00000  53.12500   0.00000    0    0
  252  0 0 0 0 0 0    42.00000  54.34375   0.00000    0    0
  253  0 0 0 0 0 0    42.00000  55.56250   0.00000    0    0
  254  0 0 0 0 0 0    42.00000  56.78125   0.00000    0    0
  255  0 0 0 0 0 0    42.00000  58.00000   0.00000    0    0
  256  0 0 0 0 0 0    45.00000  41.25000   0.00000    0    0
  257  0 0 0 0 0 0    45.00000  42.35938   0.00000    0    0
  258  0 0 0 0 0 0    45.00000  43.46875   0.00000    0    0
  259  0 0 0 0 0 0    45.00000  44.57813   0.00000    0    0
  260  0 0 0 0 0 0    45.00000  45.68750   0.00000    0    0
  261  0 0 0 0 0 0    45.00000  46.79688   0.00000    0    0
  262  0 0 0 0 0 0    45.00000  47.90625   0.00000    0    0
  263  0 0 0 0 0 0    45.00000  49.01563   0.00000    0    0
  264  0 0 0 0 0 0    45.00000  50.12500   0.00000    0    0
  265  0 0 0 0 0 0    45.00000  51.23438   0.00000    0    0
  266  0 0 0 0 0 0    45.00000  52.34375   0.00000    0    0
  267  0 0 0 0 0 0    45.00000  53.45313   0.00000    0    0
  268  0 0 0 0 0 0    45.00000  54.56250   0.00000    0    0
  269  0 0 0 0 0 0    45.00000  55.67188   0.00000    0    0
  270  0 0 0 0 0 0    45.00000  56.78125   0.00000    0    0
  271  0 0 0 0 0 0    45.00000  57.89063   0.00000    0    0
  272  0 0 0 0 0 0    45.00000  59.00000   0.00000    0    0
  273  0 0 0 0 0 0    48.00000  44.00000   0.00000    0    0
  274  0 0 0 0 0 0    48.00000  45.00000   0.00000    0    0
  275  0 0 0 0 0 0    48.00000  46.00000   0.00000    0    0
  276  0 0 0 0 0 0    48.00000  47.00000   0.00000    0    0
  277  0 0 0 0 0 0    48.00000  48.00000   0.00000    0    0
  278  0 0 0 0 0 0    48.00000  49.00000   0.00000    0    0
  279  0 0 0 0 0 0    48.00000  50.00000   0.00000    0    0
  280  0 0 0 0 0 0    48.00000  51.00000   0.00000    0    0
  281  0 0 0 0 0 0    48.00000  52.00000   0.00000    0    0
  282  0 0 0 0 0 0    48.00000  53.00000   0.00000    0    0
  283  0 0 0 0 0 0    48.00000  54.00000   0.00000    0    0
  284  0 0 0 0 0 0    48.00000  55.00000   0.00000    0    0
  285  0 0 0 0 0 0    48.00000  56.00000   0.00000    0    0
  286  0 0 0 0 0 0    48.00000  57.00000   0.00000    0    0
  287  0 0 0 0 0 0    48.00000  58.00000   0.00000    0    0
  288  0 0 0 0 0 0    48.00000  59.00000   0.00000    0    0
  289  0 0 0 0 0 0    48.00000  60.00000   0.00000    0    0
C /11/ GENERAL DATA FOR MATERIAL MODELS (3I5)
C (MODEL(I,K),I=1,3)    (K=1,NMATM)
    1    1   20
C /12/ DATA FOR EACH MATERIAL (2I5,F10.0)
C MOD  MAT     GUST
    1    10.0000e+00
C /12-1/ MATERIAL MODEL 1 (ELASTIC-ISOTROPIC)
C YOUNGS MODULI (F10.0)
C        E
1.0000e+00
C POISSONS RATIO (F10.0)
C        V
3.3333e-01
C /13/ ELEMENT GROUP DATA (7I5,3F10.0)    (I=1,NGELEM)
C NETIP,NE,IATYP,NMODM,INDBTH,INDDTH,INDKOV, COEF1, COEF2, COEF3
    2  256    0    1    0    0    0  0.000000  0.000000  0.000000
C /13-2/ DATA FOR 2D ISOPARAMETRIC ELEMENTS
C a) First card with basic data for the element group (4I5,F10.0,I5,3F10.0,I5)
C IETYP,NGAUSX,NGAUSY,MSET,BETA,MSLOJ,CPP1,CPP2,CPP3,IALFA
    0    2    2    0  0.000000    0  0.000000  0.000000  0.000000    0
C b) Card wiht data for the current element (5I5,F10.0,I5,2F10.0)
C NN,NMAT,IPRCO,ISNA,IPGS,THI,KORC,BTH,DTH
C c) Card with nodal point data for the current element (9I5)
C (NEL(NN,I),I=1,9)
    1    1    0    0    0  0.000000    0  0.000000  0.000000
    2    1   18   19
    2    1    0    0    0  0.000000    0  0.000000  0.000000
    3    2   19   20
    3    1    0    0    0  0.000000    0  0.000000  0.000000
    4    3   20   21
    4    1    0    0    0  0.000000    0  0.000000  0.000000
    5    4   21   22
    5    1    0    0    0  0.000000    0  0.000000  0.000000
    6    5   22   23
    6    1    0    0    0  0.000000    0  0.000000  0.000000
    7    6   23   24
    7    1    0    0    0  0.000000    0  0.000000  0.000000
    8    7   24   25
    8    1    0    0    0  0.000000    0  0.000000  0.000000
    9    8   25   26
    9    1    0    0    0  0.000000    0  0.000000  0.000000
   10    9   26   27
   10    1    0    0    0  0.000000    0  0.000000  0.000000
   11   10   27   28
   11    1    0    0    0  0.000000    0  0.000000  0.000000
   12   11   28   29
   12    1    0    0    0  0.000000    0  0.000000  0.000000
   13   12   29   30
   13    1    0    0    0  0.000000    0  0.000000  0.000000
   14   13   30   31
   14    1    0    0    0  0.000000    0  0.000000  0.000000
   15   14   31   32
   15    1    0    0    0  0.000000    0  0.000000  0.000000
   16   15   32   33
   16    1    0    0    0  0.000000    0  0.000000  0.000000
   17   16   33   34
   17    1    0    0    0  0.000000    0  0.000000  0.000000
   19   18   35   36
   18    1    0    0    0  0.000000    0  0.000000  0.000000
   20   19   36   37
   19    1    0    0    0  0.000000    0  0.000000  0.000000
   21   20   37   38
   20    1    0    0    0  0.000000    0  0.000000  0.000000
   22   21   38   39
   21    1    0    0    0  0.000000    0  0.000000  0.000000
   23   22   39   40
   22    1    0    0    0  0.000000    0  0.000000  0.000000
   24   23   40   41
   23    1    0    0    0  0.000000    0  0.000000  0.000000
   25   24   41   42
   24    1    0    0    0  0.000000    0  0.000000  0.000000
   26   25   42   43
   25    1    0    0    0  0.000000    0  0.000000  0.000000
   27   26   43   44
   26    1    0    0    0  0.000000    0  0.000000  0.000000
   28   27   44   45
   27    1    0    0    0  0.000000    0  0.000000  0.000000
   29   28   45   46
   28    1    0    0    0  0.000000    0  0.000000  0.000000
   30   29   46   47
   29    1    0    0    0  0.000000    0  0.000000  0.000000
   31   30   47   48
   30    1    0    0    0  0.000000    0  0.000000  0.000000
   32   31   48   49
   31    1    0    0    0  0.000000    0  0.000000  0.000000
   33   32   49   50
   32    1    0    0    0  0.000000    0  0.000000  0.000000
   34   33   50   51
   33    1    0    0    0  0.000000    0  0.000000  0.000000
   36   35   52   53
   34    1    0    0    0  0.000000    0  0.000000  0.000000
   37   36   53   54
   35    1    0    0    0  0.000000    0  0.000000  0.000000
   38   37   54   55
   36    1    0    0    0  0.000000    0  0.000000  0.000000
   39   38   55   56
   37    1    0    0    0  0.000000    0  0.000000  0.000000
   40   39   56   57
   38    1    0    0    0  0.000000    0  0.000000  0.000000
   41   40   57   58
   39    1    0    0    0  0.000000    0  0.000000  0.000000
   42   41   58   59
   40    1    0    0    0  0.000000    0  0.000000  0.000000
   43   42   59   60
   41    1    0    0    0  0.000000    0  0.000000  0.000000
   44   43   60   61
   42    1    0    0    0  0.000000    0  0.000000  0.000000
   45   44   61   62
   43    1    0    0    0  0.000000    0  0.000000  0.000000
   46   45   62   63
   44    1    0    0    0  0.000000    0  0.000000  0.000000
   47   46   63   64
   45    1    0    0    0  0.000000    0  0.000000  0.000000
   48   47   64   65
   46    1    0    0    0  0.000000    0  0.000000  0.000000
   49   48   65   66
   47    1    0    0    0  0.000000    0  0.000000  0.000000
   50   49   66   67
   48    1    0    0    0  0.000000    0  0.000000  0.000000
   51   50   67   68
   49    1    0    0    0  0.000000    0  0.000000  0.000000
   53   52   69   70
   50    1    0    0    0  0.000000    0  0.000000  0.000000
   54   53   70   71
   51    1    0    0    0  0.000000    0  0.000000  0.000000
   55   54   71   72
   52    1    0    0    0  0.000000    0  0.000000  0.000000
   56   55   72   73
   53    1    0    0    0  0.000000    0  0.000000  0.000000
   57   56   73   74
   54    1    0    0    0  0.000000    0  0.000000  0.000000
   58   57   74   75
   55    1    0    0    0  0.000000    0  0.000000  0.000000
   59   58   75   76
   56    1    0    0    0  0.000000    0  0.000000  0.000000
   60   59   76   77
   57    1    0    0    0  0.000000    0  0.000000  0.000000
   61   60   77   78
   58    1    0    0    0  0.000000    0  0.000000  0.000000
   62   61   78   79
   59    1    0    0    0  0.000000    0  0.000000  0.000000
   63   62   79   80
   60    1    0    0    0  0.000000    0  0.000000  0.000000
   64   63   80   81
   61    1    0    0    0  0.000000    0  0.000000  0.000000
   65   64   81   82
   62    1    0    0    0  0.000000    0  0.000000  0.000000
   66   65   82   83
   63    1    0    0    0  0.000000    0  0.000000  0.000000
   67   66   83   84
   64    1    0    0    0  0.000000    0  0.000000  0.000000
   68   67   84   85
   65    1    0    0    0  0.000000    0  0.000000  0.000000
   70   69   86   87
   66    1    0    0    0  0.000000    0  0.000000  0.000000
   71   70   87   88
   67    1    0    0    0  0.000000    0  0.000000  0.000000
   72   71   88   89
   68    1    0    0    0  0.000000    0  0.000000  0.000000
   73   72   89   90
   69    1    0    0    0  0.000000    0  0.000000  0.000000
   74   73   90   91
   70    1    0    0    0  0.000000    0  0.000000  0.000000
   75   74   91   92
   71    1    0    0    0  0.000000    0  0.000000  0.000000
   76   75   92   93
   72    1    0    0    0  0.000000    0  0.000000  0.000000
   77   76   93   94
   73    1    0    0    0  0.000000    0  0.000000  0.000000
   78   77   94   95
   74    1    0    0    0  0.000000    0  0.000000  0.000000
   79   78   95   96
   75    1    0    0    0  0.000000    0  0.000000  0.000000
   80   79   96   97
   76    1    0    0    0  0.000000    0  0.000000  0.000000
   81   80   97   98
   77    1    0    0    0  0.000000    0  0.000000  0.000000
   82   81   98   99
   78    1    0    0    0  0.000000    0  0.000000  0.000000
   83   82   99  100
   79    1    0    0    0  0.000000    0  0.000000  0.000000
   84   83  100  101
   80    1    0    0    0  0.000000    0  0.000000  0.000000
   85   84  101  102
   81    1    0    0    0  0.000000    0  0.000000  0.000000
   87   86  103  104
   82    1    0    0    0  0.000000    0  0.000000  0.000000
   88   87  104  105
   83    1    0    0    0  0.000000    0  0.000000  0.000000
   89   88  105  106
   84    1    0    0    0  0.000000    0  0.000000  0.000000
   90   89  106  107
   85    1    0    0    0  0.000000    0  0.000000  0.000000
   91   90  107  108
   86    1    0    0    0  0.000000    0  0.000000  0.000000
   92   91  108  109
   87    1    0    0    0  0.000000    0  0.000000  0.000000
   93   92  109  110
   88    1    0    0    0  0.000000    0  0.000000  0.000000
   94   93  110  111
   89    1    0    0    0  0.000000    0  0.000000  0.000000
   95   94  111  112
   90    1    0    0    0  0.000000    0  0.000000  0.000000
   96   95  112  113
   91    1    0    0    0  0.000000    0  0.000000  0.000000
   97   96  113  114
   92    1    0    0    0  0.000000    0  0.000000  0.000000
   98   97  114  115
   93    1    0    0    0  0.000000    0  0.000000  0.000000
   99   98  115  116
   94    1    0    0    0  0.000000    0  0.000000  0.000000
  100   99  116  117
   95    1    0    0    0  0.000000    0  0.000000  0.000000
  101  100  117  118
   96    1    0    0    0  0.000000    0  0.000000  0.000000
  102  101  118  119
   97    1    0    0    0  0.000000    0  0.000000  0.000000
  104  103  120  121
   98    1    0    0    0  0.000000    0  0.000000  0.000000
  105  104  121  122
   99    1    0    0    0  0.000000    0  0.000000  0.000000
  106  105  122  123
  100    1    0    0    0  0.000000    0  0.000000  0.000000
  107  106  123  124
  101    1    0    0    0  0.000000    0  0.000000  0.000000
  108  107  124  125
  102    1    0    0    0  0.000000    0  0.000000  0.000000
  109  108  125  126
  103    1    0    0    0  0.000000    0  0.000000  0.000000
  110  109  126  127
  104    1    0    0    0  0.000000    0  0.000000  0.000000
  111  110  127  128
  105    1    0    0    0  0.000000    0  0.000000  0.000000
  112  111  128  129
  106    1    0    0    0  0.000000    0  0.000000  0.000000
  113  112  129  130
  107    1    0    0    0  0.000000    0  0.000000  0.000000
  114  113  130  131
  108    1    0    0    0  0.000000    0  0.000000  0.000000
  115  114  131  132
  109    1    0    0    0  0.000000    0  0.000000  0.000000
  116  115  132  133
  110    1    0    0    0  0.000000    0  0.000000  0.000000
  117  116  133  134
  111    1    0    0    0  0.000000    0  0.000000  0.000000
  118  117  134  135
  112    1    0    0    0  0.000000    0  0.000000  0.000000
  119  118  135  136
  113    1    0    0    0  0.000000    0  0.000000  0.000000
  121  120  137  138
  114    1    0    0    0  0.000000    0  0.000000  0.000000
  122  121  138  139
  115    1    0    0    0  0.000000    0  0.000000  0.000000
  123  122  139  140
  116    1    0    0    0  0.000000    0  0.000000  0.000000
  124  123  140  141
  117    1    0    0    0  0.000000    0  0.000000  0.000000
  125  124  141  142
  118    1    0    0    0  0.000000    0  0.000000  0.000000
  126  125  142  143
  119    1    0    0    0  0.000000    0  0.000000  0.000000
  127  126  143  144
  120    1    0    0    0  0.000000    0  0.000000  0.000000
  128  127  144  145
  121    1    0    0    0  0.000000    0  0.000000  0.000000
  129  128  145  146
  122    1    0    0    0  0.000000    0  0.000000  0.000000
  130  129  146  147
  123    1    0    0    0  0.000000    0  0.000000  0.000000
  131  130  147  148
  124    1    0    0    0  0.000000    0  0.000000  0.000000
  132  131  148  149
  125    1    0    0    0  0.000000    0  0.000000  0.000000
  133  132  149  150
  126    1    0    0    0  0.000000    0  0.000000  0.000000
  134  133  150  151
  127    1    0    0    0  0.000000    0  0.000000  0.000000
  135  134  151  152
  128    1    0    0    0  0.000000    0  0.000000  0.000000
  136  135  152  153
  129    1    0    0    0  0.000000    0  0.000000  0.000000
  138  137  154  155
  130    1    0    0    0  0.000000    0  0.000000  0.000000
  139  138  155  156
  131    1    0    0    0  0.000000    0  0.000000  0.000000
  140  139  156  157
  132    1    0    0    0  0.000000    0  0.000000  0.000000
  141  140  157  158
  133    1    0    0    0  0.000000    0  0.000000  0.000000
  142  141  158  159
  134    1    0    0    0  0.000000    0  0.000000  0.000000
  143  142  159  160
  135    1    0    0    0  0.000000    0  0.000000  0.000000
  144  143  160  161
  136    1    0    0    0  0.000000    0  0.000000  0.000000
  145  144  161  162
  137    1    0    0    0  0.000000    0  0.000000  0.000000
  146  145  162  163
  138    1    0    0    0  0.000000    0  0.000000  0.000000
  147  146  163  164
  139    1    0    0    0  0.000000    0  0.000000  0.000000
  148  147  164  165
  140    1    0    0    0  0.000000    0  0.000000  0.000000
  149  148  165  166
  141    1    0    0    0  0.000000    0  0.000000  0.000000
  150  149  166  167
  142    1    0    0    0  0.000000    0  0.000000  0.000000
  151  150  167  168
  143    1    0    0    0  0.000000    0  0.000000  0.000000
  152  151  168  169
  144    1    0    0    0  0.000000    0  0.000000  0.000000
  153  152  169  170
  145    1    0    0    0  0.000000    0  0.000000  0.000000
  155  154  171  172
  146    1    0    0    0  0.000000    0  0.000000  0.000000
  156  155  172  173
  147    1    0    0    0  0.000000    0  0.000000  0.000000
  157  156  173  174
  148    1    0    0    0  0.000000    0  0.000000  0.000000
  158  157  174  175
  149    1    0    0    0  0.000000    0  0.000000  0.000000
  159  158  175  176
  150    1    0    0    0  0.000000    0  0.000000  0.000000
  160  159  176  177
  151    1    0    0    0  0.000000    0  0.000000  0.000000
  161  160  177  178
  152    1    0    0    0  0.000000    0  0.000000  0.000000
  162  161  178  179
  153    1    0    0    0  0.000000    0  0.000000  0.000000
  163  162  179  180
  154    1    0    0    0  0.000000    0  0.000000  0.000000
  164  163  180  181
  155    1    0    0    0  0.000000    0  0.000000  0.000000
  165  164  181  182
  156    1    0    0    0  0.000000    0  0.000000  0.000000
  166  165  182  183
  157    1    0    0    0  0.000000    0  0.000000  0.000000
  167  166  183  184
  158    1    0    0    0  0.000000    0  0.000000  0.000000
  168  167  184  185
  159    1    0    0    0  0.000000    0  0.000000  0.000000
  169  168  185  186
  160    1    0    0    0  0.000000    0  0.000000  0.000000
  170  169  186  187
  161    1    0    0    0  0.000000    0  0.000000  0.000000
  172  171  188  189
  162    1    0    0    0  0.000000    0  0.000000  0.000000
  173  172  189  190
  163    1    0    0    0  0.000000    0  0.000000  0.000000
  174  173  190  191
  164    1    0    0    0  0.000000    0  0.000000  0.000000
  175  174  191  192
  165    1    0    0    0  0.000000    0  0.000000  0.000000
  176  175  192  193
  166    1    0    0    0  0.000000    0  0.000000  0.000000
  177  176  193  194
  167    1    0    0    0  0.000000    0  0.000000  0.000000
  178  177  194  195
  168    1    0    0    0  0.000000    0  0.000000  0.000000
  179  178  195  196
  169    1    0    0    0  0.000000    0  0.000000  0.000000
  180  179  196  197
  170    1    0    0    0  0.000000    0  0.000000  0.000000
  181  180  197  198
  171    1    0    0    0  0.000000    0  0.000000  0.000000
  182  181  198  199
  172    1    0    0    0  0.000000    0  0.000000  0.000000
  183  182  199  200
  173    1    0    0    0  0.000000    0  0.000000  0.000000
  184  183  200  201
  174    1    0    0    0  0.000000    0  0.000000  0.000000
  185  184  201  202
  175    1    0    0    0  0.000000    0  0.000000  0.000000
  186  185  202  203
  176    1    0    0    0  0.000000    0  0.000000  0.000000
  187  186  203  204
  177    1    0    0    0  0.000000    0  0.000000  0.000000
  189  188  205  206
  178    1    0    0    0  0.000000    0  0.000000  0.000000
  190  189  206  207
  179    1    0    0    0  0.000000    0  0.000000  0.000000
  191  190  207  208
  180    1    0    0    0  0.000000    0  0.000000  0.000000
  192  191  208  209
  181    1    0    0    0  0.000000    0  0.000000  0.000000
  193  192  209  210
  182    1    0    0    0  0.000000    0  0.000000  0.000000
  194  193  210  211
  183    1    0    0    0  0.000000    0  0.000000  0.000000
  195  194  211  212
  184    1    0    0    0  0.000000    0  0.000000  0.000000
  196  195  212  213
  185    1    0    0    0  0.000000    0  0.000000  0.000000
  197  196  213  214
  186    1    0    0    0  0.000000    0  0.000000  0.000000
  198  197  214  215
  187    1    0    0    0  0.000000    0  0.000000  0.000000
  199  198  215  216
  188    1    0    0    0  0.000000    0  0.000000  0.000000
  200  199  216  217
  189    1    0    0    0  0.000000    0  0.000000  0.000000
  201  200  217  218
  190    1    0    0    0  0.000000    0  0.000000  0.000000
  202  201  218  219
  191    1    0    0    0  0.000000    0  0.000000  0.000000
  203  202  219  220
  192    1    0    0    0  0.000000    0  0.000000  0.000000
  204  203  220  221
  193    1    0    0    0  0.000000    0  0.000000  0.000000
  206  205  222  223
  194    1    0    0    0  0.000000    0  0.000000  0.000000
  207  206  223  224
  195    1    0    0    0  0.000000    0  0.000000  0.000000
  208  207  224  225
  196    1    0    0    0  0.000000    0  0.000000  0.000000
  209  208  225  226
  197    1    0    0    0  0.000000    0  0.000000  0.000000
  210  209  226  227
  198    1    0    0    0  0.000000    0  0.000000  0.000000
  211  210  227  228
  199    1    0    0    0  0.000000    0  0.000000  0.000000
  212  211  228  229
  200    1    0    0    0  0.000000    0  0.000000  0.000000
  213  212  229  230
  201    1    0    0    0  0.000000    0  0.000000  0.000000
  214  213  230  231
  202    1    0    0    0  0.000000    0  0.000000  0.000000
  215  214  231  232
  203    1    0    0    0  0.000000    0  0.000000  0.000000
  216  215  232  233
  204    1    0    0    0  0.000000    0  0.000000  0.000000
  217  216  233  234
  205    1    0    0    0  0.000000    0  0.000000  0.000000
  218  217  234  235
  206    1    0    0    0  0.000000    0  0.000000  0.000000
  219  218  235  236
  207    1    0    0    0  0.000000    0  0.000000  0.000000
  220  219  236  237
  208    1    0    0    0  0.000000    0  0.000000  0.000000
  221  220  237  238
  209    1    0    0    0  0.000000    0  0.000000  0.000000
  223  222  239  240
  210    1    0    0    0  0.000000    0  0.000000  0.000000
  224  223  240  241
  211    1    0    0    0  0.000000    0  0.000000  0.000000
  225  224  241  242
  212    1    0    0    0  0.000000    0  0.000000  0.000000
  226  225  242  243
  213    1    0    0    0  0.000000    0  0.000000  0.000000
  227  226  243  244
  214    1    0    0    0  0.000000    0  0.000000  0.000000
  228  227  244  245
  215    1    0    0    0  0.000000    0  0.000000  0.000000
  229  228  245  246
  216    1    0    0    0  0.000000    0  0.000000  0.000000
  230  229  246  247
  217    1    0    0    0  0.000000    0  0.000000  0.000000
  231  230  247  248
  218    1    0    0    0  0.000000    0  0.000000  0.000000
  232  231  248  249
  219    1    0    0    0  0.000000    0  0.000000  0.000000
  233  232  249  250
  220    1    0    0    0  0.000000    0  0.000000  0.000000
  234  233  250  251
  221    1    0    0    0  0.000000    0  0.000000  0.000000
  235  234  251  252
  222    1    0    0    0  0.000000    0  0.000000  0.000000
  236  235  252  253
  223    1    0    0    0  0.000000    0  0.000000  0.000000
  237  236  253  254
  224    1    0    0    0  0.000000    0  0.000000  0.000000
  238  237  254  255
  225    1    0    0    0  0.000000    0  0.000000  0.000000
  240  239  256  257
  226    1    0    0    0  0.000000    0  0.000000  0.000000
  241  240  257  258
  227    1    0    0    0  0.000000    0  0.000000  0.000000
  242  241  258  259
  228    1    0    0    0  0.000000    0  0.000000  0.000000
  243  242  259  260
  229    1    0    0    0  0.000000    0  0.000000  0.000000
  244  243  260  261
  230    1    0    0    0  0.000000    0  0.000000  0.000000
  245  244  261  262
  231    1    0    0    0  0.000000    0  0.000000  0.000000
  246  245  262  263
  232    1    0    0    0  0.000000    0  0.000000  0.000000
  247  246  263  264
  233    1    0    0    0  0.000000    0  0.000000  0.000000
  248  247  264  265
  234    1    0    0    0  0.000000    0  0.000000  0.000000
  249  248  265  266
  235    1    0    0    0  0.000000    0  0.000000  0.000000
  250  249  266  267
  236    1    0    0    0  0.000000    0  0.000000  0.000000
  251  250  267  268
  237    1    0    0    0  0.000000    0  0.000000  0.000000
  252  251  268  269
  238    1    0    0    0  0.000000    0  0.000000  0.000000
  253  252  269  270
  239    1    0    0    0  0.000000    0  0.000000  0.000000
  254  253  270  271
  240    1    0    0    0  0.000000    0  0.000000  0.000000
  255  254  271  272
  241    1    0    0    0  0.000000    0  0.000000  0.000000
  257  256  273  274
  242    1    0    0    0  0.000000    0  0.000000  0.000000
  258  257  274  275
  243    1    0    0    0  0.000000    0  0.000000  0.000000
  259  258  275  276
  244    1    0    0    0  0.000000    0  0.000000  0.000000
  260  259  276  277
  245    1    0    0    0  0.000000    0  0.000000  0.000000
  261  260  277  278
  246    1    0    0    0  0.000000    0  0.000000  0.000000
  262  261  278  279
  247    1    0    0    0  0.000000    0  0.000000  0.000000
  263  262  279  280
  248    1    0    0    0  0.000000    0  0.000000  0.000000
  264  263  280  281
  249    1    0    0    0  0.000000    0  0.000000  0.000000
  265  264  281  282
  250    1    0    0    0  0.000000    0  0.000000  0.000000
  266  265  282  283
  251    1    0    0    0  0.000000    0  0.000000  0.000000
  267  266  283  284
  252    1    0    0    0  0.000000    0  0.000000  0.000000
  268  267  284  285
  253    1    0    0    0  0.000000    0  0.000000  0.000000
  269  268  285  286
  254    1    0    0    0  0.000000    0  0.000000  0.000000
  270  269  286  287
  255    1    0    0    0  0.000000    0  0.000000  0.000000
  271  270  287  288
  256    1    0    0    0  0.000000    0  0.000000  0.000000
  272  271  288  289
C /14/ DATA ABOUT TIME FUNCTIONS (2I5)
C NTABFT,MAXTFT
    1  100
C a) Data about function in a table form (2I5)
C IBR,IMAX    (IMAX.LE.MAXTFT)
    1    2
C b) Values for argument - function (2F10.0)
C ((FN(I,IBR,J),I=1,2),J=1,IMAX)
 0.0000e+0 1.0000e+0
 1.0000e+4 1.0000e+0
C /15/ GENERAL DATA ABOUT LOADS (4I5,5X,5I5)
C NCF,NPP2,NPP3, NPGR,    NPLJ,NTEMP,NZADP,INDZS,ICERNE
   17    0    0    0         0    0    0    0    0
C /15-1/ CONCENTRATED LOADS DATA (3I5,F10.0,I5,F10.0)
C    N   IP   NC   FAK     KORC    FPOM
  273    2    1  0.031250    0  0.000000
  289    2    1  0.031250    0  0.000000
  274    2    1  0.062500    0  0.000000
  275    2    1  0.062500    0  0.000000
  276    2    1  0.062500    0  0.000000
  277    2    1  0.062500    0  0.000000
  278    2    1  0.062500    0  0.000000
  279    2    1  0.062500    0  0.000000
  280    2    1  0.062500    0  0.000000
  281    2    1  0.062500    0  0.000000
  282    2    1  0.062500    0  0.000000
  283    2    1  0.062500    0  0.000000
  284    2    1  0.062500    0  0.000000
  285    2    1  0.062500    0  0.000000
  286    2    1  0.062500    0  0.000000
  287    2    1  0.062500    0  0.000000
  288    2    1  0.062500    0  0.000000
C /16/ FINAL CARD (A4)
STOP